{
 "cells": [
  {
   "cell_type": "markdown",
   "metadata": {},
   "source": [
    "## Machine Learning - Prova\n",
    "\n",
    "**Nome do Aluno**: <font color='red'>Arthur Rizzo</font>\n",
    "\n",
    "Esta prova consiste em uma parte conceitual e uma parte prática.\n",
    "\n",
    "Você deve submeter o trabalho via Blackboard. É de sua responsabilidade garantir que o arquivo correto foi enviado.\n",
    "\n",
    "Se você precisou adicionar arquivos extras à essa prova, assegure-se de que você os está enviando também.\n",
    "\n",
    "A prova é individual e com consulta. Faça o seu trabalho de maneira ética!"
   ]
  },
  {
   "cell_type": "markdown",
   "metadata": {},
   "source": [
    "---\n",
    "## Parte conceitual (4 pts)"
   ]
  },
  {
   "cell_type": "markdown",
   "metadata": {},
   "source": [
    "Vemos abaixo uma seleção de tópicos em Machine Learning e uma seleção de interlocutores. Escolha 2 tópicos, 2 interlocutores, e a associação 1-para-1 entre tópicos e interlocutores. Explique os tópicos escolhidos para os interlocutores correspondentes.\n",
    "\n",
    "Interlocutores:\n",
    "\n",
    "- O Marcos Lisboa\n",
    "    - Economista, conhece muito bem estatística, interessado pelos problemas economicos do Brasil.\n",
    "- Um aluno de colegial prestes a se formar\n",
    "    - Tem alguma noção de matemática, geometria, estatística, mas muito simples.\n",
    "- Um entrevistador de emprego de uma empresa renomada (e.g. FAANG)\n",
    "    - É um engenheiro experiente, e sabe bem os conceitos todos, mas quer saber se você sabe explicar de modo coerente, enxuto e completo. Sem encher linguiça.\n",
    "- Um professor de Matemática da Variação\n",
    "    - Domina cálculo multivariado, estatística, programação. Quer conhecer mais a fundo o assunto que você vai explicar, e a conexão com a disciplina dele.\n",
    "- Um professor de GDE\n",
    "    - Entende matemática e estatística de colegial e um pouco de Cálculo. Interessado em problemas da sociedade.\n",
    "- Um médico oncologista\n",
    "    - Conhece estatística surpreendemente bem, interessado em problemas de Medicina.\n",
    "\n",
    "    \n",
    "Tópicos:\n",
    "\n",
    "- Árvore de decisão\n",
    "- Machine Learning e sociedade\n",
    "- Regressão linear\n",
    "- Validação cruzada para ajuste de hiperparâmetros\n",
    "- Support vector machines\n",
    "- Curva ROC\n",
    "- Gradient descent\n",
    "- Sub-ajuste (underfitting) e sobreajuste (overfitting)\n",
    "- Precision versus recall\n",
    "- Seleção de variáveis com Lasso\n",
    "\n",
    "Use gráficos, tabelas, formulas, código, o que você quiser para auxiliar na sua explicação. Use quantas células quiser do notebook. Se precisar adicionar um diagrama ilustrativo, pode usar o https://www.draw.io/. Exporte seu desenho para PNG e inclua no notebook com o código-exemplo desta célula:\n",
    "\n",
    "![exemplo](exemplo.png \"Exemplo de diagrama PNG\")\n",
    "\n",
    "Neste caso, <font color='red'>não se esqueça de submeter também seu arquivo de imagem!</font>\n",
    "\n",
    "Rubrica de avaliação por par conceito-interlocutor:\n",
    "\n",
    "\n",
    "| Conceito | Nota | Definição |\n",
    "|----------|------|-----------|\n",
    "| I        | 0.0  | Não fez, ou escreveu coisas sem sentido. |\n",
    "| D        | 0.5  | Usou termos técnicos e matemática não disponível ao interlocutor. Faltam partes fundamentais do conceito. Não construiu uma narrativa de interesse ao interlocutor. |\n",
    "| C        | 1.0  | Construiu uma explicação correta da mecânica do conceito, sem uma intuição de por que funciona. Faltam ideias importantes, mas não essenciais do conceito. Não construiu uma narrativa de interesse ao interlocutor. |\n",
    "| B        | 1.5  | Construiu uma explicação da mecânica e da intuição por trás do modelo. Faltam ideias importantes, mas não essenciais do conceito, ou tem excesso de ideias não tão centrais à explicação (vulgo “encheu linguiça”). |\n",
    "| A        | 2.0  | Construiu uma explicação bem completa e enxuta da mecânica e da intuição por trás do conceito. Trouxe uma narrativa que interesse ao interlocutor. |"
   ]
  },
  {
   "cell_type": "markdown",
   "metadata": {},
   "source": [
    "### Respostas"
   ]
  },
  {
   "cell_type": "markdown",
   "metadata": {},
   "source": [
    "---\n",
    "Tópico: <font color=red>Curva ROC</font>\n",
    "\n",
    "Interlocutor: <font color=red>Um médico oncologista</font>\n",
    "\n",
    "Resposta:\n",
    "\n",
    "algumas notações:\n",
    "TP: True Positive (positivo verdadeiro)\n",
    "FP: False Positive (positivo falso)\n",
    "TN: True Negative (negativo verdadeiro)\n",
    "FN: False Negative (negativo falso)\n",
    "\n",
    "Sobre a Receiver Operating Characterístic (ROC)\n",
    "\n",
    "A primeira coisa que precisamos entender é como chegamos na representação gráfica. \n",
    "No lado das abscissas, temos o False Positive Rate(FPR) e, do lado das ordenadas, temos o True Positive Rate(TPR). \n",
    "O TPR nada mais é do que o Recall (revocação), ou seja, das ocorrências positivas, quantas foram percebidas?\n",
    "TPR = TP/(TP+FN)\n",
    "\n",
    "O FPR visa medir o oposto, ou seja, das ocorências negativas, quantas foram percebidas como positivas?\n",
    "FPR = FP/(FP+TN)\n",
    "O FPR também é definido como sendo complementar do True Negative Rate(TNR). Ou seja, FPR = 1-TNR. O TNR é conhecido com o especificidade, que é a fração de negativos verdadeiros que foram identificados como negativos pelo agente classificador. \n",
    "\n",
    "Em geral, se faz necessário escolher entre qual métrica dar mais importância. Por exemplo, em um exame preliminar de cancêr de mama é melhor ter um TPR bem alto mesmo que a custas de um FPR alto também. Enquanto num exame para decidir sobre a realização ou não de uma masectomia, seria interessante ter um FPR mais baixo, apesar de que o TPR é o mais importante, o FPR passa a ter muito mais peso do que para o exame preliminar. \n",
    "\n",
    "Como sabemos que não vivemos no mundo ideal, sabemos que não é possível ter um resultado perfeito para ambas as métricas. Para FPR o ideal seria ter 0% e para o TPR 100%. Com isso, num gráfico de TPR(y) vs FPR(x), caso tivessemos um classificador completamente aleatório veriamos uma linha reta indo do ponto (0,0) ao (1,1), efetivamente cortando ao meio o quandrado formado pelos valores extremos de cada métrica. E um classificador perfeito seria representado pela reta unindo os pontos (0,0) e (0,1) e (1, 1). Em outras palavras, gostariamos de maximizar a área por de baixo da curva, que no caso máximo seria 1. \n",
    "\n",
    "Uma característica curiosa da ROC é que caso tenhamos algum algoritmo/sistema que é pior que um classificador aleatório, ou seja, opera com a área ROC-AUC abaixo de 0.5, uma alterniativa seria justamente inverter os sinais dele e assim obter um resultado melhor. \n",
    "\n"
   ]
  },
  {
   "cell_type": "markdown",
   "metadata": {},
   "source": [
    "---\n",
    "Tópico: <font color=red>Precision versus recall</font>\n",
    "\n",
    "Interlocutor: <font color=red>Um professor de GDE</font>\n",
    "\n",
    "Resposta:\n",
    "\n",
    "Bom, primeiro precisamos entender por que é de interesse à sociedade este conhecimento.\n",
    "Uma das principais formas de interagirmos com a sociedade onde vivemos é através do acesso à informação, seja via mídias tradicionais ou não. Somos bombardeados com números, estatísticas que muitas vezes nem se quer faze sentido. \n",
    "Estamos presenciando isso diariamente com a pandamia no noticiário. \n",
    "Bom, aí que entra entendermos um pouco de estatística simples tanto para possibilitar que leiamos os estudos científicos a respeito da pandemia, como para compreendermos alguns termos usados na mídia. \n",
    "Um bem básico, mas interessante ponto é a relação entre o Precision (precisão) e o Recall(revocação). \n",
    "A precisão mede, a grosso modo, quanto dos valores descritos como positivos de fato são positivos(TP). \n",
    "representado pela equação TP/(TP+FP) . sendo FP os valores erroneamente indentificados como positivos. \n",
    "o Recall mede, a grosso modo, o % de valores que foram detectados como positivos dentro do universo dos verdadeiramente positivos. Representado pela equação TP/(TP+FN)\n",
    "\n",
    "\n",
    "Num mundo ideal(claramente não este), iriamos tentar ter 100% de Precision e 100% de Recall. No entanto, isso não é possível, dado que nenhum modelo é perfeito, sempre haverá um momento em que para se obter um % maior de Precision, por exemplo, haverá uma penalidade significativa no % de Recall. \n",
    "\n",
    "Saber a qual dar mais relevância é importante para poder contruir algoritmos bons, e isso depende muito da aplicação.\n",
    "Vamos a alguns exemplos, digamos que queremos um sistema capaz de nos dizer se alguém está com Covid-19. O que é mais importante, que este modelo (1)acerte o maior número de contaminados ou que (2)mesmo deixando passar alguns contaminados, quando acusase contaminação seria mais certeiro? Digamos que o objetivo deste teste é para que possamos rapidamente saber se uma pessoa está contaminada e poder isolar essa pessoa enquanto as pessoas que estão sem o vírus podem circular livremente. Ora, neste caso, seria interessante darmos ênfase ao (1), certo? \n",
    "Bom, claro que na vida real podemos trabalhar com alguns cenários distintos, mas, por efeito de simplicidade, vamos assumir que o melhor neste caso seria a primeira alternativa. Neste caso, deveriamos dar um peso maior para este resultado. Por acaso, este resultado é medido através do Recall. \n",
    "No entanto, como podemos ver pelo probleminha descrito, um dos objetivos é deixar as pessoas circularem ambientes públicos com segurança. Por tanto, de nada adianta um algoritmo que diga que todo mundo deve ficar em casa e ponto final, neste sentido, é interessante termos um precision mínimo. \n",
    "Com isso, definimos um precision minimo de 50% e um recall de 95%, por exemplo. É possível traçarmos um gráfico com a relação Precision vs Recall, nele seria possível identifcarmos a escala de trade-offs e verificar se atingir estes requisitos mínimos de precision e recall seriam possível, lembrando de dar ênfase para o recall, dada a natureza do problema. \n",
    "\n",
    "Outro exemplo legal é a taxa de imunização de uma vacina... será que ela funciona mesmo? Neste caso, o que seria mais importante, Precision ou Recall? \n",
    "Claro que do ponto de vista da vacina o mais importante é o Recall, mas, do ponto de vista da ciência por trás, é mais interessante sabermos quando que um paciente foi imunizado de verdade, com o mínimo de falsos positivos, para ter uma noção mais conservadora da efetividade da vacina. \n"
   ]
  },
  {
   "cell_type": "markdown",
   "metadata": {},
   "source": [
    "---\n",
    "## Parte prática (6 pts)\n",
    "\n"
   ]
  },
  {
   "cell_type": "markdown",
   "metadata": {},
   "source": [
    "O arquivo `zoo.csv` contém informações sobre animais, conforme descrito abaixo:"
   ]
  },
  {
   "cell_type": "raw",
   "metadata": {},
   "source": [
    "1. Title: Zoo database\n",
    "\n",
    "2. Source Information\n",
    "   -- Creator: Richard Forsyth\n",
    "   -- Donor: Richard S. Forsyth \n",
    "             8 Grosvenor Avenue\n",
    "             Mapperley Park\n",
    "             Nottingham NG3 5DX\n",
    "             0602-621676\n",
    "   -- Date: 5/15/1990\n",
    " \n",
    "3. Past Usage:\n",
    "   -- None known other than what is shown in Forsyth's PC/BEAGLE User's Guide.\n",
    "\n",
    "4. Relevant Information:\n",
    "   -- A simple database containing 17 Boolean-valued attributes.  The \"type\"\n",
    "      attribute appears to be the class attribute.  Here is a breakdown of\n",
    "      which animals are in which type: (I find it unusual that there are\n",
    "      2 instances of \"frog\" and one of \"girl\"!)\n",
    "\n",
    "      Class# Set of animals:\n",
    "      ====== ===============================================================\n",
    "           1 (41) aardvark, antelope, bear, boar, buffalo, calf,\n",
    "                  cavy, cheetah, deer, dolphin, elephant,\n",
    "                  fruitbat, giraffe, girl, goat, gorilla, hamster,\n",
    "                  hare, leopard, lion, lynx, mink, mole, mongoose,\n",
    "                  opossum, oryx, platypus, polecat, pony,\n",
    "                  porpoise, puma, pussycat, raccoon, reindeer,\n",
    "                  seal, sealion, squirrel, vampire, vole, wallaby,wolf\n",
    "           2 (20) chicken, crow, dove, duck, flamingo, gull, hawk,\n",
    "                  kiwi, lark, ostrich, parakeet, penguin, pheasant,\n",
    "                  rhea, skimmer, skua, sparrow, swan, vulture, wren\n",
    "           3 (5)  pitviper, seasnake, slowworm, tortoise, tuatara \n",
    "           4 (13) bass, carp, catfish, chub, dogfish, haddock,\n",
    "                  herring, pike, piranha, seahorse, sole, stingray, tuna\n",
    "           5 (4)  frog, frog, newt, toad \n",
    "           6 (8)  flea, gnat, honeybee, housefly, ladybird, moth, termite, wasp\n",
    "           7 (10) clam, crab, crayfish, lobster, octopus,\n",
    "                  scorpion, seawasp, slug, starfish, worm\n",
    "\n",
    "5. Number of Instances: 101\n",
    "\n",
    "6. Number of Attributes: 18 (animal name, 15 Boolean attributes, 2 numerics)\n",
    "\n",
    "7. Attribute Information: (name of attribute and type of value domain)\n",
    "   1. animal name:      Unique for each instance\n",
    "   2. hair\t\tBoolean\n",
    "   3. feathers\t\tBoolean\n",
    "   4. eggs\t\tBoolean\n",
    "   5. milk\t\tBoolean\n",
    "   6. airborne\t\tBoolean\n",
    "   7. aquatic\t\tBoolean\n",
    "   8. predator\t\tBoolean\n",
    "   9. toothed\t\tBoolean\n",
    "  10. backbone\t\tBoolean\n",
    "  11. breathes\t\tBoolean\n",
    "  12. venomous\t\tBoolean\n",
    "  13. fins\t\tBoolean\n",
    "  14. legs\t\tNumeric (set of values: {0,2,4,5,6,8})\n",
    "  15. tail\t\tBoolean\n",
    "  16. domestic\t\tBoolean\n",
    "  17. catsize\t\tBoolean\n",
    "  18. type\t\tNumeric (integer values in range [1,7])\n",
    "\n",
    "8. Missing Attribute Values: Some values are missing!\n",
    "\n",
    "9. Class Distribution: Given above"
   ]
  },
  {
   "cell_type": "markdown",
   "metadata": {},
   "source": [
    "Sua tarefa é construir um modelo que prevê o tipo de animal (coluna `type`) baseado nos demais atributos, e com base nesse modelo determinar a ordem de relevancia dos atributos para identificar o tipo de animal.\n",
    "\n",
    "Tendo identificado a ordem de relevancia dos atributos, determine o conjunto minimo de atributos mais relevantes que permita que o modelo tenha um desempenho de $90\\%$ ou mais do desempenho obtido com o conjunto completo de atributos. Por exemplo, se a acurácia do modelo com o conjunto completo de atributos foi de $95\\%$, determine o conjunto mínimo de atributos que atinja $0.9 \\times 0.95 = 0.855 = 85.5\\%$ de acurácia."
   ]
  },
  {
   "cell_type": "markdown",
   "metadata": {},
   "source": [
    "Rubrica de avaliação:\n",
    "\n",
    "I - Código não roda, ou roda mas é nonsense, e não tem análises que façam sentido.\n",
    "\n",
    "D - A análise não está completa, ou o código está bagunçado, mas pelo menos não é nonsense.\n",
    "\n",
    "C - Conseguiu fazer o modelo preditivo com o preprocessamento adequado\n",
    "\n",
    "B - Conseguiu determinar a importancia das features e determinar o conjunto minimo pedido\n",
    "\n",
    "A - Construiu um preprocessamento sofisticado - explorou a documentação do scikit-learn para encontrar alternativas aos métodos simples descritos em aula. Escolheu features que fazem sentido para o modelo inicial. Obteve conclusões fundamentadas em experimentação."
   ]
  },
  {
   "cell_type": "code",
   "execution_count": 3,
   "metadata": {},
   "outputs": [],
   "source": [
    "# imports\n",
    "%matplotlib inline\n",
    "import matplotlib.pyplot as plt\n",
    "import numpy as np\n",
    "import pandas as pd\n",
    "import time\n",
    "\n",
    "\n",
    "from sklearn.model_selection import train_test_split\n",
    "from sklearn.impute import SimpleImputer\n",
    "from sklearn.preprocessing import OrdinalEncoder\n",
    "from sklearn.preprocessing import OneHotEncoder\n",
    "from sklearn.base import BaseEstimator, TransformerMixin\n",
    "from sklearn.pipeline import Pipeline\n",
    "from sklearn.preprocessing import StandardScaler\n",
    "from sklearn.compose import ColumnTransformer\n",
    "from sklearn.linear_model import LinearRegression\n",
    "from sklearn.metrics import mean_squared_error\n",
    "from sklearn.tree import DecisionTreeRegressor\n",
    "from sklearn.ensemble import RandomForestRegressor\n",
    "from sklearn.model_selection import cross_val_score\n",
    "from sklearn.model_selection import GridSearchCV\n",
    "\n",
    "RANDOM_SEED = 42\n",
    "np.random.seed(RANDOM_SEED)"
   ]
  },
  {
   "cell_type": "code",
   "execution_count": 29,
   "metadata": {},
   "outputs": [],
   "source": [
    "# load data\n",
    "ZOO_FILE = 'zoo.csv'\n",
    "\n",
    "def load_data(file=ZOO_FILE):\n",
    "    return pd.read_csv(file)\n",
    "\n",
    "\n",
    "zoo = load_data()"
   ]
  },
  {
   "cell_type": "code",
   "execution_count": 30,
   "metadata": {},
   "outputs": [
    {
     "name": "stdout",
     "output_type": "stream",
     "text": [
      "<class 'pandas.core.frame.DataFrame'>\n",
      "RangeIndex: 101 entries, 0 to 100\n",
      "Data columns (total 18 columns):\n",
      " #   Column    Non-Null Count  Dtype  \n",
      "---  ------    --------------  -----  \n",
      " 0   animal    101 non-null    object \n",
      " 1   hair      93 non-null     float64\n",
      " 2   feathers  92 non-null     float64\n",
      " 3   eggs      90 non-null     float64\n",
      " 4   milk      83 non-null     float64\n",
      " 5   airborne  94 non-null     float64\n",
      " 6   aquatic   94 non-null     float64\n",
      " 7   predator  88 non-null     float64\n",
      " 8   toothed   88 non-null     float64\n",
      " 9   backbone  91 non-null     float64\n",
      " 10  breathes  91 non-null     float64\n",
      " 11  venomous  93 non-null     float64\n",
      " 12  fins      95 non-null     float64\n",
      " 13  legs      101 non-null    int64  \n",
      " 14  tail      84 non-null     float64\n",
      " 15  domestic  95 non-null     float64\n",
      " 16  catsize   90 non-null     float64\n",
      " 17  type      101 non-null    int64  \n",
      "dtypes: float64(15), int64(2), object(1)\n",
      "memory usage: 14.3+ KB\n"
     ]
    }
   ],
   "source": [
    "zoo.info()"
   ]
  },
  {
   "cell_type": "code",
   "execution_count": 31,
   "metadata": {},
   "outputs": [
    {
     "data": {
      "text/html": [
       "<div>\n",
       "<style scoped>\n",
       "    .dataframe tbody tr th:only-of-type {\n",
       "        vertical-align: middle;\n",
       "    }\n",
       "\n",
       "    .dataframe tbody tr th {\n",
       "        vertical-align: top;\n",
       "    }\n",
       "\n",
       "    .dataframe thead th {\n",
       "        text-align: right;\n",
       "    }\n",
       "</style>\n",
       "<table border=\"1\" class=\"dataframe\">\n",
       "  <thead>\n",
       "    <tr style=\"text-align: right;\">\n",
       "      <th></th>\n",
       "      <th>hair</th>\n",
       "      <th>feathers</th>\n",
       "      <th>eggs</th>\n",
       "      <th>milk</th>\n",
       "      <th>airborne</th>\n",
       "      <th>aquatic</th>\n",
       "      <th>predator</th>\n",
       "      <th>toothed</th>\n",
       "      <th>backbone</th>\n",
       "      <th>breathes</th>\n",
       "      <th>venomous</th>\n",
       "      <th>fins</th>\n",
       "      <th>legs</th>\n",
       "      <th>tail</th>\n",
       "      <th>domestic</th>\n",
       "      <th>catsize</th>\n",
       "      <th>type</th>\n",
       "    </tr>\n",
       "  </thead>\n",
       "  <tbody>\n",
       "    <tr>\n",
       "      <th>hair</th>\n",
       "      <td>1.000000</td>\n",
       "      <td>-0.423207</td>\n",
       "      <td>-0.825100</td>\n",
       "      <td>0.890780</td>\n",
       "      <td>-0.236310</td>\n",
       "      <td>-0.464397</td>\n",
       "      <td>-0.219115</td>\n",
       "      <td>0.478630</td>\n",
       "      <td>0.168713</td>\n",
       "      <td>0.380617</td>\n",
       "      <td>-0.131260</td>\n",
       "      <td>-0.268449</td>\n",
       "      <td>0.433810</td>\n",
       "      <td>0.061546</td>\n",
       "      <td>0.229283</td>\n",
       "      <td>0.479383</td>\n",
       "      <td>-0.565564</td>\n",
       "    </tr>\n",
       "    <tr>\n",
       "      <th>feathers</th>\n",
       "      <td>-0.423207</td>\n",
       "      <td>1.000000</td>\n",
       "      <td>0.414388</td>\n",
       "      <td>-0.386986</td>\n",
       "      <td>0.592081</td>\n",
       "      <td>-0.080073</td>\n",
       "      <td>-0.180278</td>\n",
       "      <td>-0.631527</td>\n",
       "      <td>0.244339</td>\n",
       "      <td>0.229516</td>\n",
       "      <td>-0.134535</td>\n",
       "      <td>-0.228148</td>\n",
       "      <td>-0.202959</td>\n",
       "      <td>0.280692</td>\n",
       "      <td>0.066180</td>\n",
       "      <td>-0.112709</td>\n",
       "      <td>-0.202064</td>\n",
       "    </tr>\n",
       "    <tr>\n",
       "      <th>eggs</th>\n",
       "      <td>-0.825100</td>\n",
       "      <td>0.414388</td>\n",
       "      <td>1.000000</td>\n",
       "      <td>-0.944856</td>\n",
       "      <td>0.361129</td>\n",
       "      <td>0.346119</td>\n",
       "      <td>0.010034</td>\n",
       "      <td>-0.605102</td>\n",
       "      <td>-0.348268</td>\n",
       "      <td>-0.341076</td>\n",
       "      <td>0.056552</td>\n",
       "      <td>0.163984</td>\n",
       "      <td>-0.199739</td>\n",
       "      <td>-0.352204</td>\n",
       "      <td>-0.065465</td>\n",
       "      <td>-0.485181</td>\n",
       "      <td>0.665519</td>\n",
       "    </tr>\n",
       "    <tr>\n",
       "      <th>milk</th>\n",
       "      <td>0.890780</td>\n",
       "      <td>-0.386986</td>\n",
       "      <td>-0.944856</td>\n",
       "      <td>1.000000</td>\n",
       "      <td>-0.344605</td>\n",
       "      <td>-0.390278</td>\n",
       "      <td>-0.027429</td>\n",
       "      <td>0.568670</td>\n",
       "      <td>0.375384</td>\n",
       "      <td>0.428121</td>\n",
       "      <td>-0.242997</td>\n",
       "      <td>-0.153050</td>\n",
       "      <td>0.219469</td>\n",
       "      <td>0.213504</td>\n",
       "      <td>0.225892</td>\n",
       "      <td>0.604728</td>\n",
       "      <td>-0.727347</td>\n",
       "    </tr>\n",
       "    <tr>\n",
       "      <th>airborne</th>\n",
       "      <td>-0.236310</td>\n",
       "      <td>0.592081</td>\n",
       "      <td>0.361129</td>\n",
       "      <td>-0.344605</td>\n",
       "      <td>1.000000</td>\n",
       "      <td>-0.157665</td>\n",
       "      <td>-0.324867</td>\n",
       "      <td>-0.590571</td>\n",
       "      <td>-0.128478</td>\n",
       "      <td>0.267112</td>\n",
       "      <td>-0.021323</td>\n",
       "      <td>-0.253155</td>\n",
       "      <td>0.090018</td>\n",
       "      <td>-0.116706</td>\n",
       "      <td>0.040996</td>\n",
       "      <td>-0.373274</td>\n",
       "      <td>0.057839</td>\n",
       "    </tr>\n",
       "    <tr>\n",
       "      <th>aquatic</th>\n",
       "      <td>-0.464397</td>\n",
       "      <td>-0.080073</td>\n",
       "      <td>0.346119</td>\n",
       "      <td>-0.390278</td>\n",
       "      <td>-0.157665</td>\n",
       "      <td>1.000000</td>\n",
       "      <td>0.380308</td>\n",
       "      <td>0.068869</td>\n",
       "      <td>0.006977</td>\n",
       "      <td>-0.625543</td>\n",
       "      <td>0.205627</td>\n",
       "      <td>0.632988</td>\n",
       "      <td>-0.397083</td>\n",
       "      <td>-0.017307</td>\n",
       "      <td>-0.247296</td>\n",
       "      <td>-0.143444</td>\n",
       "      <td>0.341280</td>\n",
       "    </tr>\n",
       "    <tr>\n",
       "      <th>predator</th>\n",
       "      <td>-0.219115</td>\n",
       "      <td>-0.180278</td>\n",
       "      <td>0.010034</td>\n",
       "      <td>-0.027429</td>\n",
       "      <td>-0.324867</td>\n",
       "      <td>0.380308</td>\n",
       "      <td>1.000000</td>\n",
       "      <td>0.122126</td>\n",
       "      <td>-0.012563</td>\n",
       "      <td>-0.329413</td>\n",
       "      <td>0.105409</td>\n",
       "      <td>0.184522</td>\n",
       "      <td>-0.101996</td>\n",
       "      <td>0.058834</td>\n",
       "      <td>-0.336105</td>\n",
       "      <td>0.094920</td>\n",
       "      <td>0.114315</td>\n",
       "    </tr>\n",
       "    <tr>\n",
       "      <th>toothed</th>\n",
       "      <td>0.478630</td>\n",
       "      <td>-0.631527</td>\n",
       "      <td>-0.605102</td>\n",
       "      <td>0.568670</td>\n",
       "      <td>-0.590571</td>\n",
       "      <td>0.068869</td>\n",
       "      <td>0.122126</td>\n",
       "      <td>1.000000</td>\n",
       "      <td>0.582755</td>\n",
       "      <td>-0.119523</td>\n",
       "      <td>-0.091778</td>\n",
       "      <td>0.373979</td>\n",
       "      <td>-0.161178</td>\n",
       "      <td>0.280211</td>\n",
       "      <td>0.096528</td>\n",
       "      <td>0.311317</td>\n",
       "      <td>-0.445117</td>\n",
       "    </tr>\n",
       "    <tr>\n",
       "      <th>backbone</th>\n",
       "      <td>0.168713</td>\n",
       "      <td>0.244339</td>\n",
       "      <td>-0.348268</td>\n",
       "      <td>0.375384</td>\n",
       "      <td>-0.128478</td>\n",
       "      <td>0.006977</td>\n",
       "      <td>-0.012563</td>\n",
       "      <td>0.582755</td>\n",
       "      <td>1.000000</td>\n",
       "      <td>0.181818</td>\n",
       "      <td>-0.246987</td>\n",
       "      <td>0.228571</td>\n",
       "      <td>-0.440320</td>\n",
       "      <td>0.781753</td>\n",
       "      <td>0.108805</td>\n",
       "      <td>0.376924</td>\n",
       "      <td>-0.851402</td>\n",
       "    </tr>\n",
       "    <tr>\n",
       "      <th>breathes</th>\n",
       "      <td>0.380617</td>\n",
       "      <td>0.229516</td>\n",
       "      <td>-0.341076</td>\n",
       "      <td>0.428121</td>\n",
       "      <td>0.267112</td>\n",
       "      <td>-0.625543</td>\n",
       "      <td>-0.329413</td>\n",
       "      <td>-0.119523</td>\n",
       "      <td>0.181818</td>\n",
       "      <td>1.000000</td>\n",
       "      <td>-0.133005</td>\n",
       "      <td>-0.597581</td>\n",
       "      <td>0.273491</td>\n",
       "      <td>0.044965</td>\n",
       "      <td>0.118336</td>\n",
       "      <td>0.163303</td>\n",
       "      <td>-0.466407</td>\n",
       "    </tr>\n",
       "    <tr>\n",
       "      <th>venomous</th>\n",
       "      <td>-0.131260</td>\n",
       "      <td>-0.134535</td>\n",
       "      <td>0.056552</td>\n",
       "      <td>-0.242997</td>\n",
       "      <td>-0.021323</td>\n",
       "      <td>0.205627</td>\n",
       "      <td>0.105409</td>\n",
       "      <td>-0.091778</td>\n",
       "      <td>-0.246987</td>\n",
       "      <td>-0.133005</td>\n",
       "      <td>1.000000</td>\n",
       "      <td>0.002863</td>\n",
       "      <td>0.022553</td>\n",
       "      <td>-0.082467</td>\n",
       "      <td>-0.098082</td>\n",
       "      <td>-0.169589</td>\n",
       "      <td>0.325584</td>\n",
       "    </tr>\n",
       "    <tr>\n",
       "      <th>fins</th>\n",
       "      <td>-0.268449</td>\n",
       "      <td>-0.228148</td>\n",
       "      <td>0.163984</td>\n",
       "      <td>-0.153050</td>\n",
       "      <td>-0.253155</td>\n",
       "      <td>0.632988</td>\n",
       "      <td>0.184522</td>\n",
       "      <td>0.373979</td>\n",
       "      <td>0.228571</td>\n",
       "      <td>-0.597581</td>\n",
       "      <td>0.002863</td>\n",
       "      <td>1.000000</td>\n",
       "      <td>-0.605436</td>\n",
       "      <td>0.195926</td>\n",
       "      <td>-0.108136</td>\n",
       "      <td>0.004531</td>\n",
       "      <td>0.105041</td>\n",
       "    </tr>\n",
       "    <tr>\n",
       "      <th>legs</th>\n",
       "      <td>0.433810</td>\n",
       "      <td>-0.202959</td>\n",
       "      <td>-0.199739</td>\n",
       "      <td>0.219469</td>\n",
       "      <td>0.090018</td>\n",
       "      <td>-0.397083</td>\n",
       "      <td>-0.101996</td>\n",
       "      <td>-0.161178</td>\n",
       "      <td>-0.440320</td>\n",
       "      <td>0.273491</td>\n",
       "      <td>0.022553</td>\n",
       "      <td>-0.605436</td>\n",
       "      <td>1.000000</td>\n",
       "      <td>-0.419275</td>\n",
       "      <td>0.065787</td>\n",
       "      <td>0.097106</td>\n",
       "      <td>0.131693</td>\n",
       "    </tr>\n",
       "    <tr>\n",
       "      <th>tail</th>\n",
       "      <td>0.061546</td>\n",
       "      <td>0.280692</td>\n",
       "      <td>-0.352204</td>\n",
       "      <td>0.213504</td>\n",
       "      <td>-0.116706</td>\n",
       "      <td>-0.017307</td>\n",
       "      <td>0.058834</td>\n",
       "      <td>0.280211</td>\n",
       "      <td>0.781753</td>\n",
       "      <td>0.044965</td>\n",
       "      <td>-0.082467</td>\n",
       "      <td>0.195926</td>\n",
       "      <td>-0.419275</td>\n",
       "      <td>1.000000</td>\n",
       "      <td>0.016301</td>\n",
       "      <td>0.269360</td>\n",
       "      <td>-0.633407</td>\n",
       "    </tr>\n",
       "    <tr>\n",
       "      <th>domestic</th>\n",
       "      <td>0.229283</td>\n",
       "      <td>0.066180</td>\n",
       "      <td>-0.065465</td>\n",
       "      <td>0.225892</td>\n",
       "      <td>0.040996</td>\n",
       "      <td>-0.247296</td>\n",
       "      <td>-0.336105</td>\n",
       "      <td>0.096528</td>\n",
       "      <td>0.108805</td>\n",
       "      <td>0.118336</td>\n",
       "      <td>-0.098082</td>\n",
       "      <td>-0.108136</td>\n",
       "      <td>0.065787</td>\n",
       "      <td>0.016301</td>\n",
       "      <td>1.000000</td>\n",
       "      <td>-0.019580</td>\n",
       "      <td>-0.189360</td>\n",
       "    </tr>\n",
       "    <tr>\n",
       "      <th>catsize</th>\n",
       "      <td>0.479383</td>\n",
       "      <td>-0.112709</td>\n",
       "      <td>-0.485181</td>\n",
       "      <td>0.604728</td>\n",
       "      <td>-0.373274</td>\n",
       "      <td>-0.143444</td>\n",
       "      <td>0.094920</td>\n",
       "      <td>0.311317</td>\n",
       "      <td>0.376924</td>\n",
       "      <td>0.163303</td>\n",
       "      <td>-0.169589</td>\n",
       "      <td>0.004531</td>\n",
       "      <td>0.097106</td>\n",
       "      <td>0.269360</td>\n",
       "      <td>-0.019580</td>\n",
       "      <td>1.000000</td>\n",
       "      <td>-0.539219</td>\n",
       "    </tr>\n",
       "    <tr>\n",
       "      <th>type</th>\n",
       "      <td>-0.565564</td>\n",
       "      <td>-0.202064</td>\n",
       "      <td>0.665519</td>\n",
       "      <td>-0.727347</td>\n",
       "      <td>0.057839</td>\n",
       "      <td>0.341280</td>\n",
       "      <td>0.114315</td>\n",
       "      <td>-0.445117</td>\n",
       "      <td>-0.851402</td>\n",
       "      <td>-0.466407</td>\n",
       "      <td>0.325584</td>\n",
       "      <td>0.105041</td>\n",
       "      <td>0.131693</td>\n",
       "      <td>-0.633407</td>\n",
       "      <td>-0.189360</td>\n",
       "      <td>-0.539219</td>\n",
       "      <td>1.000000</td>\n",
       "    </tr>\n",
       "  </tbody>\n",
       "</table>\n",
       "</div>"
      ],
      "text/plain": [
       "              hair  feathers      eggs      milk  airborne   aquatic  \\\n",
       "hair      1.000000 -0.423207 -0.825100  0.890780 -0.236310 -0.464397   \n",
       "feathers -0.423207  1.000000  0.414388 -0.386986  0.592081 -0.080073   \n",
       "eggs     -0.825100  0.414388  1.000000 -0.944856  0.361129  0.346119   \n",
       "milk      0.890780 -0.386986 -0.944856  1.000000 -0.344605 -0.390278   \n",
       "airborne -0.236310  0.592081  0.361129 -0.344605  1.000000 -0.157665   \n",
       "aquatic  -0.464397 -0.080073  0.346119 -0.390278 -0.157665  1.000000   \n",
       "predator -0.219115 -0.180278  0.010034 -0.027429 -0.324867  0.380308   \n",
       "toothed   0.478630 -0.631527 -0.605102  0.568670 -0.590571  0.068869   \n",
       "backbone  0.168713  0.244339 -0.348268  0.375384 -0.128478  0.006977   \n",
       "breathes  0.380617  0.229516 -0.341076  0.428121  0.267112 -0.625543   \n",
       "venomous -0.131260 -0.134535  0.056552 -0.242997 -0.021323  0.205627   \n",
       "fins     -0.268449 -0.228148  0.163984 -0.153050 -0.253155  0.632988   \n",
       "legs      0.433810 -0.202959 -0.199739  0.219469  0.090018 -0.397083   \n",
       "tail      0.061546  0.280692 -0.352204  0.213504 -0.116706 -0.017307   \n",
       "domestic  0.229283  0.066180 -0.065465  0.225892  0.040996 -0.247296   \n",
       "catsize   0.479383 -0.112709 -0.485181  0.604728 -0.373274 -0.143444   \n",
       "type     -0.565564 -0.202064  0.665519 -0.727347  0.057839  0.341280   \n",
       "\n",
       "          predator   toothed  backbone  breathes  venomous      fins  \\\n",
       "hair     -0.219115  0.478630  0.168713  0.380617 -0.131260 -0.268449   \n",
       "feathers -0.180278 -0.631527  0.244339  0.229516 -0.134535 -0.228148   \n",
       "eggs      0.010034 -0.605102 -0.348268 -0.341076  0.056552  0.163984   \n",
       "milk     -0.027429  0.568670  0.375384  0.428121 -0.242997 -0.153050   \n",
       "airborne -0.324867 -0.590571 -0.128478  0.267112 -0.021323 -0.253155   \n",
       "aquatic   0.380308  0.068869  0.006977 -0.625543  0.205627  0.632988   \n",
       "predator  1.000000  0.122126 -0.012563 -0.329413  0.105409  0.184522   \n",
       "toothed   0.122126  1.000000  0.582755 -0.119523 -0.091778  0.373979   \n",
       "backbone -0.012563  0.582755  1.000000  0.181818 -0.246987  0.228571   \n",
       "breathes -0.329413 -0.119523  0.181818  1.000000 -0.133005 -0.597581   \n",
       "venomous  0.105409 -0.091778 -0.246987 -0.133005  1.000000  0.002863   \n",
       "fins      0.184522  0.373979  0.228571 -0.597581  0.002863  1.000000   \n",
       "legs     -0.101996 -0.161178 -0.440320  0.273491  0.022553 -0.605436   \n",
       "tail      0.058834  0.280211  0.781753  0.044965 -0.082467  0.195926   \n",
       "domestic -0.336105  0.096528  0.108805  0.118336 -0.098082 -0.108136   \n",
       "catsize   0.094920  0.311317  0.376924  0.163303 -0.169589  0.004531   \n",
       "type      0.114315 -0.445117 -0.851402 -0.466407  0.325584  0.105041   \n",
       "\n",
       "              legs      tail  domestic   catsize      type  \n",
       "hair      0.433810  0.061546  0.229283  0.479383 -0.565564  \n",
       "feathers -0.202959  0.280692  0.066180 -0.112709 -0.202064  \n",
       "eggs     -0.199739 -0.352204 -0.065465 -0.485181  0.665519  \n",
       "milk      0.219469  0.213504  0.225892  0.604728 -0.727347  \n",
       "airborne  0.090018 -0.116706  0.040996 -0.373274  0.057839  \n",
       "aquatic  -0.397083 -0.017307 -0.247296 -0.143444  0.341280  \n",
       "predator -0.101996  0.058834 -0.336105  0.094920  0.114315  \n",
       "toothed  -0.161178  0.280211  0.096528  0.311317 -0.445117  \n",
       "backbone -0.440320  0.781753  0.108805  0.376924 -0.851402  \n",
       "breathes  0.273491  0.044965  0.118336  0.163303 -0.466407  \n",
       "venomous  0.022553 -0.082467 -0.098082 -0.169589  0.325584  \n",
       "fins     -0.605436  0.195926 -0.108136  0.004531  0.105041  \n",
       "legs      1.000000 -0.419275  0.065787  0.097106  0.131693  \n",
       "tail     -0.419275  1.000000  0.016301  0.269360 -0.633407  \n",
       "domestic  0.065787  0.016301  1.000000 -0.019580 -0.189360  \n",
       "catsize   0.097106  0.269360 -0.019580  1.000000 -0.539219  \n",
       "type      0.131693 -0.633407 -0.189360 -0.539219  1.000000  "
      ]
     },
     "execution_count": 31,
     "metadata": {},
     "output_type": "execute_result"
    }
   ],
   "source": [
    "correlation_matrix=zoo.corr()\n",
    "correlation_matrix"
   ]
  },
  {
   "cell_type": "code",
   "execution_count": 32,
   "metadata": {},
   "outputs": [
    {
     "data": {
      "text/plain": [
       "type        1.000000\n",
       "eggs        0.665519\n",
       "aquatic     0.341280\n",
       "venomous    0.325584\n",
       "legs        0.131693\n",
       "predator    0.114315\n",
       "fins        0.105041\n",
       "airborne    0.057839\n",
       "domestic   -0.189360\n",
       "feathers   -0.202064\n",
       "toothed    -0.445117\n",
       "breathes   -0.466407\n",
       "catsize    -0.539219\n",
       "hair       -0.565564\n",
       "tail       -0.633407\n",
       "milk       -0.727347\n",
       "backbone   -0.851402\n",
       "Name: type, dtype: float64"
      ]
     },
     "execution_count": 32,
     "metadata": {},
     "output_type": "execute_result"
    }
   ],
   "source": [
    "correlation_matrix[\"type\"].sort_values(ascending=False)"
   ]
  },
  {
   "cell_type": "code",
   "execution_count": 33,
   "metadata": {},
   "outputs": [
    {
     "data": {
      "text/html": [
       "<div>\n",
       "<style scoped>\n",
       "    .dataframe tbody tr th:only-of-type {\n",
       "        vertical-align: middle;\n",
       "    }\n",
       "\n",
       "    .dataframe tbody tr th {\n",
       "        vertical-align: top;\n",
       "    }\n",
       "\n",
       "    .dataframe thead th {\n",
       "        text-align: right;\n",
       "    }\n",
       "</style>\n",
       "<table border=\"1\" class=\"dataframe\">\n",
       "  <thead>\n",
       "    <tr style=\"text-align: right;\">\n",
       "      <th></th>\n",
       "      <th>animal</th>\n",
       "      <th>hair</th>\n",
       "      <th>feathers</th>\n",
       "      <th>eggs</th>\n",
       "      <th>milk</th>\n",
       "      <th>airborne</th>\n",
       "      <th>aquatic</th>\n",
       "      <th>predator</th>\n",
       "      <th>toothed</th>\n",
       "      <th>backbone</th>\n",
       "      <th>breathes</th>\n",
       "      <th>venomous</th>\n",
       "      <th>fins</th>\n",
       "      <th>legs</th>\n",
       "      <th>tail</th>\n",
       "      <th>domestic</th>\n",
       "      <th>catsize</th>\n",
       "      <th>type</th>\n",
       "    </tr>\n",
       "  </thead>\n",
       "  <tbody>\n",
       "    <tr>\n",
       "      <th>0</th>\n",
       "      <td>aardvark</td>\n",
       "      <td>1.0</td>\n",
       "      <td>0.0</td>\n",
       "      <td>0.0</td>\n",
       "      <td>1.0</td>\n",
       "      <td>0.0</td>\n",
       "      <td>0.0</td>\n",
       "      <td>NaN</td>\n",
       "      <td>1.0</td>\n",
       "      <td>1.0</td>\n",
       "      <td>1.0</td>\n",
       "      <td>0.0</td>\n",
       "      <td>0.0</td>\n",
       "      <td>4</td>\n",
       "      <td>NaN</td>\n",
       "      <td>0.0</td>\n",
       "      <td>1.0</td>\n",
       "      <td>1</td>\n",
       "    </tr>\n",
       "    <tr>\n",
       "      <th>1</th>\n",
       "      <td>antelope</td>\n",
       "      <td>1.0</td>\n",
       "      <td>0.0</td>\n",
       "      <td>0.0</td>\n",
       "      <td>1.0</td>\n",
       "      <td>0.0</td>\n",
       "      <td>NaN</td>\n",
